0.4,0.9,1.4,1.9,2.4,2.9,3.4,3.9,4.4,4.9,5.4,5.9,6.4,6.9,7.4,7.9,8.4,8.9,9.4,9.9,10.4
0.4,0.9,1.4,1.9,2.4,2.9,3.4,3.9,4.4,4.9,5.4,5.9,6.4,6.9,7.4,7.9,8.4,8.9,9.4,9.9,10.4
0.4,0.9,1.4,1.9,2.4,2.9,3.4,3.9,4.4,4.9,5.4,5.9,6.4,6.9,7.4,7.9,8.4,8.9,9.4,9.9,10.4
0.4,0.9,1.4,1.9,2.4,2.9,3.4,3.9,4.4,4.9,5.4,5.9,6.4,6.9,7.4,7.9,8.4,8.9,9.4,9.9,10.4
0.4,0.9,1.4,1.9,2.4,2.9,3.4,3.9,4.4,4.9,5.4,5.9,6.4,6.9,7.4,7.9,8.4,8.9,9.4,9.9,10.4
0.4,0.9,1.4,1.9,2.4,2.9,3.4,3.9,4.4,4.9,5.4,5.9,6.4,6.9,7.4,7.9,8.4,8.9,9.4,9.9,10.4
0.4,0.9,1.4,1.9,2.4,2.9,3.4,3.9,4.4,4.9,5.4,5.9,6.4,6.9,7.4,7.9,8.4,8.9,9.4,9.9,10.4
0.4,0.9,1.4,1.9,2.4,2.9,3.4,3.9,4.4,4.9,5.4,5.9,6.4,6.9,7.4,7.9,8.4,8.9,9.4,9.9,10.4
0.4,0.9,1.4,1.9,2.4,2.9,3.4,3.9,4.4,4.9,5.4,5.9,6.4,6.9,7.4,7.9,8.4,8.9,9.4,9.9,10.4
0.4,0.9,1.4,1.9,2.4,2.9,3.4,3.9,4.4,4.9,5.4,5.9,6.4,6.9,7.4,7.9,8.4,8.9,9.4,9.9,10.4
0.4,0.9,1.4,1.9,2.4,2.9,3.4,3.9,4.4,4.9,5.4,5.9,6.4,6.9,7.4,7.9,8.4,8.9,9.4,9.9,10.4
0.4,0.9,1.4,1.9,2.4,2.9,3.4,3.9,4.4,4.9,5.4,5.9,6.4,6.9,7.4,7.9,8.4,8.9,9.4,9.9,10.4
0.4,0.9,1.4,1.9,2.4,2.9,3.4,3.9,4.4,4.9,5.4,5.9,6.4,6.9,7.4,7.9,8.4,8.9,9.4,9.9,10.4
0.4,0.9,1.4,1.9,2.4,2.9,3.4,3.9,4.4,4.9,5.4,5.9,6.4,6.9,7.4,7.9,8.4,8.9,9.4,9.9,10.4
0.4,0.9,1.4,1.9,2.4,2.9,3.4,3.9,4.4,4.9,5.4,5.9,6.4,6.9,7.4,7.9,8.4,8.9,9.4,9.9,10.4
0.4,0.9,1.4,1.9,2.4,2.9,3.4,3.9,4.4,4.9,5.4,5.9,6.4,6.9,7.4,7.9,8.4,8.9,9.4,9.9,10.4
0.4,0.9,1.4,1.9,2.4,2.9,3.4,3.9,4.4,4.9,5.4,5.9,6.4,6.9,7.4,7.9,8.4,8.9,9.4,9.9,10.4
0.4,0.9,1.4,1.9,2.4,2.9,3.4,3.9,4.4,4.9,5.4,5.9,6.4,6.9,7.4,7.9,8.4,8.9,9.4,9.9,10.4
0.4,0.9,1.4,1.9,2.4,2.9,3.4,3.9,4.4,4.9,5.4,5.9,6.4,6.9,7.4,7.9,8.4,8.9,9.4,9.9,10.4
0.4,0.9,1.4,1.9,2.4,2.9,3.4,3.9,4.4,4.9,5.4,5.9,6.4,6.9,7.4,7.9,8.4,8.9,9.4,9.9,10.4
0.4,0.9,1.4,1.9,2.4,2.9,3.4,3.9,4.4,4.9,5.4,5.9,6.4,6.9,7.4,7.9,8.4,8.9,9.4,9.9,10.4
